Accuracy: 0.38244047619047616
Precision: 0.1452991452991453
Recall: 0.8192771084337349
F1 Score: 0.24682395644283123
